check	observed	expected	status
physical_line_count_including_header	484	484	PASS
data_row_count	483	483	PASS
field_count	11	11	PASS
field_names	package_name;source_rpm_identity;stage;binary_package_count;source_modification_required;build_config_modification_required;scc_id;plugin_host;vendor_prebuilt;in_dual_runtime_risk_set;remarks	package_name;source_rpm_identity;stage;binary_package_count;source_modification_required;build_config_modification_required;scc_id;plugin_host;vendor_prebuilt;in_dual_runtime_risk_set;remarks	PASS
exact_repository_path	progress/R24/tables/migration_packages_483.tsv	progress/R24/tables/migration_packages_483.tsv	PASS
